%YAML:1.0
calibration_time: "Sat 12 Mar 2016 11:18:41 PM IST"
nframes: 10
image_width: 640
image_height: 480
board_width: 9
board_height: 6
square_size: 2.4000000208616257e-02
flags: 0
camera_matrix: !!opencv-matrix
   rows: 3
   cols: 3
   dt: d
   data: [ 5.7136610828966764e+02, 0., 3.0862556747634056e+02, 0.,
       5.7454057681928305e+02, 1.6430567642072427e+02, 0., 0., 1. ]
distortion_coefficients: !!opencv-matrix
   rows: 5
   cols: 1
   dt: d
   data: [ -3.2094770835348618e-01, 2.2132796288771379e+00,
       -2.6531989958282643e-02, -6.1826266329676428e-03,
       -6.0130440637736990e+00 ]
avg_reprojection_error: 1.2795162434766882e+00
per_view_reprojection_errors: !!opencv-matrix
   rows: 10
   cols: 1
   dt: f
   data: [ 2.33443230e-01, 1.51149586e-01, 1.52836934e-01,
       1.59666702e-01, 1.51228771e-01, 5.47136724e-01, 4.84371424e-01,
       3.93249130e+00, 4.08267289e-01, 2.39600375e-01 ]
extrinsic_parameters: !!opencv-matrix
   rows: 10
   cols: 6
   dt: d
   data: [ -1.0559161895251964e-01, -2.0825113565968958e-01,
       -7.1136246637111133e-01, -1.8029815899818355e-01,
       1.0333009515643464e-01, 5.4199156737274268e-01,
       -8.0766492669222797e-02, -3.1925780414073057e-01,
       -8.0250707684071787e-01, -2.0133229654818893e-01,
       1.5739567175187907e-01, 6.7164197688796190e-01,
       -7.9942978425329006e-02, -3.2212287381016053e-01,
       -8.0310227766914966e-01, -2.0246283137121357e-01,
       1.5575080174459358e-01, 6.6962489826305815e-01,
       -5.9533578166054694e-02, -3.0565038368965908e-01,
       -8.0615826405977642e-01, -2.1170082881765176e-01,
       1.5461579293857652e-01, 6.6141467418165145e-01,
       -5.9518328480546522e-02, -3.0849035121122542e-01,
       -8.0554544961717756e-01, -2.1225420580687507e-01,
       1.5453563408374862e-01, 6.6042074685966445e-01,
       5.4643851793717413e-01, -2.9602310555768890e-01,
       -4.5641609179317172e-01, -1.6521460832198653e-01,
       7.4392114073658533e-02, 5.7914478447884588e-01,
       5.2106924441338698e-01, -3.0351856780168657e-01,
       -4.7455479261936517e-01, -1.7442117610502811e-01,
       7.0900275449650968e-02, 5.8282274018483804e-01,
       9.8914039755949046e-01, -3.0324346903904158e-02,
       -6.1619501855187631e-01, -1.3427182676369021e-01,
       1.0772934457983391e-01, 7.7828805924227029e-01,
       4.1893680770660319e-01, 6.1734662558030159e-02,
       -5.9528432159858202e-01, -1.1962208835272541e-01,
       1.1566186719811455e-01, 8.2792111823516279e-01,
       -3.0970774841987703e-01, 1.8935061046435694e-01,
       -6.0923171845012636e-01, -1.0640081625932192e-01,
       1.2247946142318560e-01, 8.6975935621117229e-01 ]
image_points: !!opencv-matrix
   rows: 10
   cols: 54
   dt: "2f"
   data: [ 1.22717247e+02, 2.69421906e+02, 1.42103180e+02,
       2.53292816e+02, 1.61100815e+02, 2.37385651e+02, 1.80095749e+02,
       2.21575607e+02, 1.98637451e+02, 2.06076569e+02, 2.17006699e+02,
       1.90763763e+02, 2.35190582e+02, 1.75587082e+02, 2.53124084e+02,
       1.60591400e+02, 2.70775818e+02, 1.45719498e+02, 1.39386307e+02,
       2.87828339e+02, 1.58554749e+02, 2.71672791e+02, 1.77474701e+02,
       2.55732605e+02, 1.96334045e+02, 2.39832123e+02, 2.14679611e+02,
       2.24324493e+02, 2.32885132e+02, 2.08889374e+02, 2.50999756e+02,
       1.93722488e+02, 2.68620667e+02, 1.78765076e+02, 2.86357849e+02,
       1.63803711e+02, 1.55820053e+02, 3.06128418e+02, 1.74859726e+02,
       2.89946350e+02, 1.93664413e+02, 2.73919312e+02, 2.12359039e+02,
       2.58032867e+02, 2.30605591e+02, 2.42392166e+02, 2.48577103e+02,
       2.26957184e+02, 2.66532990e+02, 2.11577744e+02, 2.84287933e+02,
       1.96431946e+02, 3.01639801e+02, 1.81546478e+02, 1.72093369e+02,
       3.24517517e+02, 1.91022308e+02, 3.08196686e+02, 2.09678940e+02,
       2.92068573e+02, 2.28263397e+02, 2.76075775e+02, 2.46412140e+02,
       2.60405640e+02, 2.64378784e+02, 2.44761749e+02, 2.82277039e+02,
       2.29363190e+02, 2.99782196e+02, 2.14150101e+02, 3.17216858e+02,
       1.99018204e+02, 1.88092194e+02, 3.42847931e+02, 2.07064850e+02,
       3.26384094e+02, 2.25625519e+02, 3.10129120e+02, 2.44119110e+02,
       2.94018677e+02, 2.62204987e+02, 2.78243011e+02, 2.79982788e+02,
       2.62618744e+02, 2.97755463e+02, 2.47080658e+02, 3.15290283e+02,
       2.31759888e+02, 3.32451660e+02, 2.16623093e+02, 2.04104492e+02,
       3.61256134e+02, 2.22951996e+02, 3.44549805e+02, 2.41501312e+02,
       3.28190338e+02, 2.59783997e+02, 3.11916077e+02, 2.77825195e+02,
       2.96067169e+02, 2.95580750e+02, 2.80400482e+02, 3.13219879e+02,
       2.64754364e+02, 3.30580536e+02, 2.49377533e+02, 3.47648865e+02,
       2.34204605e+02, 1.41542297e+02, 2.93314911e+02, 1.55666672e+02,
       2.78814453e+02, 1.69581543e+02, 2.64564209e+02, 1.83437332e+02,
       2.50460266e+02, 1.96892868e+02, 2.36566162e+02, 2.10227814e+02,
       2.22954742e+02, 2.23340302e+02, 2.09486557e+02, 2.36163574e+02,
       1.96279831e+02, 2.48907455e+02, 1.83143753e+02, 1.56432053e+02,
       3.06599091e+02, 1.70402054e+02, 2.92146759e+02, 1.84195297e+02,
       2.77765930e+02, 1.97805527e+02, 2.63625488e+02, 2.11242493e+02,
       2.49754700e+02, 2.24319443e+02, 2.36128616e+02, 2.37264297e+02,
       2.22544281e+02, 2.50053833e+02, 2.09294098e+02, 2.62593811e+02,
       1.96141205e+02, 1.71074036e+02, 3.19746613e+02, 1.84937775e+02,
       3.05261475e+02, 1.98541458e+02, 2.90853943e+02, 2.12085190e+02,
       2.76686981e+02, 2.25223434e+02, 2.62768616e+02, 2.38190903e+02,
       2.49148712e+02, 2.51071762e+02, 2.35507370e+02, 2.63629883e+02,
       2.22191055e+02, 2.76171875e+02, 2.08953415e+02, 1.85660873e+02,
       3.32881104e+02, 1.99379425e+02, 3.18287415e+02, 2.12793839e+02,
       3.03889069e+02, 2.26143768e+02, 2.89626770e+02, 2.39192032e+02,
       2.75693970e+02, 2.52001816e+02, 2.61972351e+02, 2.64693542e+02,
       2.48370392e+02, 2.77278839e+02, 2.34978180e+02, 2.89524567e+02,
       2.21704575e+02, 2.00156998e+02, 3.45965576e+02, 2.13659454e+02,
       3.31271637e+02, 2.26938980e+02, 3.16754028e+02, 2.40149780e+02,
       3.02523193e+02, 2.52994431e+02, 2.88509460e+02, 2.65687164e+02,
       2.74742218e+02, 2.78360748e+02, 2.61113007e+02, 2.90634247e+02,
       2.47649857e+02, 3.02734436e+02, 2.34497086e+02, 2.14479019e+02,
       3.58934021e+02, 2.27824081e+02, 3.44201202e+02, 2.41085571e+02,
       3.29611328e+02, 2.54073837e+02, 3.15301392e+02, 2.66745392e+02,
       3.01258148e+02, 2.79309387e+02, 2.87442719e+02, 2.91694366e+02,
       2.73714386e+02, 3.03768158e+02, 2.60366852e+02, 3.15708801e+02,
       2.47050812e+02, 1.40139465e+02, 2.92339996e+02, 1.54268921e+02,
       2.77760834e+02, 1.68281754e+02, 2.63503235e+02, 1.82108353e+02,
       2.49358658e+02, 1.95595917e+02, 2.35453842e+02, 2.08888367e+02,
       2.21751190e+02, 2.22113434e+02, 2.08291641e+02, 2.34933441e+02,
       1.95048386e+02, 2.47702133e+02, 1.81780655e+02, 1.54957672e+02,
       3.05662750e+02, 1.69077347e+02, 2.91138184e+02, 1.82872879e+02,
       2.76730011e+02, 1.96562439e+02, 2.62571411e+02, 2.09911957e+02,
       2.48622833e+02, 2.23124222e+02, 2.34919586e+02, 2.36067673e+02,
       2.21394226e+02, 2.48811325e+02, 2.08097778e+02, 2.61441193e+02,
       1.94848724e+02, 1.69700150e+02, 3.18786652e+02, 1.83633606e+02,
       3.04277374e+02, 1.97322311e+02, 2.89896790e+02, 2.10788681e+02,
       2.75635681e+02, 2.24001633e+02, 2.61680664e+02, 2.37059586e+02,
       2.47965988e+02, 2.49887085e+02, 2.34330826e+02, 2.62538513e+02,
       2.20969193e+02, 2.75024200e+02, 2.07750275e+02, 1.84412979e+02,
       3.32098816e+02, 1.98158829e+02, 3.17365875e+02, 2.11573013e+02,
       3.02885742e+02, 2.24916077e+02, 2.88622894e+02, 2.38029953e+02,
       2.74654083e+02, 2.50840759e+02, 2.60874084e+02, 2.63593964e+02,
       2.47274124e+02, 2.76166870e+02, 2.33783997e+02, 2.88491455e+02,
       2.20584061e+02, 1.98833725e+02, 3.45130432e+02, 2.12475555e+02,
       3.30376740e+02, 2.25780930e+02, 3.15775635e+02, 2.39014481e+02,
