%YAML:1.0
calibration_time: "Sun 20 Mar 2016 08:45:59 PM IST"
nframes: 10
image_width: 640
image_height: 480
board_width: 9
board_height: 6
square_size: 2.4000000208616257e-02
flags: 0
camera_matrix: !!opencv-matrix
   rows: 3
   cols: 3
   dt: d
   data: [ 7.4557927781990031e+02, 0., 3.6354237142426575e+02, 0.,
       7.4047230095194755e+02, 2.1980981739876819e+02, 0., 0., 1. ]
distortion_coefficients: !!opencv-matrix
   rows: 5
   cols: 1
   dt: d
   data: [ 1.8576263155837525e-01, -9.3311572657781428e-01,
       4.8212738712929215e-03, 2.7351504206205808e-02,
       1.5674206518918590e+00 ]
avg_reprojection_error: 4.7122661141524824e-01
per_view_reprojection_errors: !!opencv-matrix
   rows: 10
   cols: 1
   dt: f
   data: [ 2.08194032e-01, 1.92417383e-01, 4.33681279e-01,
       4.05315667e-01, 3.94454718e-01, 6.71550930e-01, 6.64320111e-01,
       6.40267909e-01, 4.01588649e-01, 4.10734683e-01 ]
extrinsic_parameters: !!opencv-matrix
   rows: 10
   cols: 6
   dt: d
   data: [ -8.3183753052063797e-02, 5.1456297656409496e-03,
       9.0010243474506224e-01, -6.8019675080835368e-02,
       -4.9595622739621092e-02, 5.9633790739349890e-01,
       -1.0142962018301227e-01, 2.1734396820107211e-02,
       8.9028682977149320e-01, -6.1466119537488047e-02,
       -4.7126342089370304e-02, 5.9995611557907991e-01,
       -3.4659172893616119e-01, -2.7521890445003871e-01,
       -6.6227016835759833e-01, -1.6412449997537665e-01,
       -2.8923494646922957e-02, 4.5937319639067536e-01,
       -3.4459304632010984e-01, -1.5944210717256538e-01,
       -7.0474263597426523e-01, -1.1190965804254967e-01,
       -5.0299629684598781e-03, 5.2503821425152475e-01,
       -3.3698971663215249e-01, -1.5733374836737571e-01,
       -7.0892079600476365e-01, -1.1527912256278895e-01,
       -7.5838632297397105e-03, 5.2540129910849465e-01,
       8.5369161085309664e-01, -3.4783248099096657e-02,
       -3.0036489532169194e-02, -1.4663594448120468e-01,
       -2.3302471952941033e-02, 3.1055841833075820e-01,
       8.5028045231869376e-01, -2.5407284406500235e-02,
       -3.6725839593387419e-02, -1.4485935129438529e-01,
       -2.2529358670560155e-02, 3.1742018769474700e-01,
       8.4079359578961310e-01, -1.7756535756855121e-02,
       -5.1525812336619237e-02, -1.4915354516490334e-01,
       -2.5872368458125159e-02, 3.2244535259082163e-01,
       3.4336634852476705e-01, 6.8766925644163546e-01,
       -2.5572200193610253e+00, -5.6360540086915080e-02,
       1.7234630496425568e-01, 7.4086744831077833e-01,
       4.0099748700335042e-01, 1.0472829471320135e+00,
       -2.5408974768113306e+00, -6.6306080516175935e-03,
       -4.6870113859490858e-02, 7.6397885942801913e-01 ]
image_points: !!opencv-matrix
   rows: 10
   cols: 54
   dt: "2f"
   data: [ 2.78956421e+02, 1.58913361e+02, 2.97290558e+02,
       1.81921967e+02, 3.15616608e+02, 2.04828964e+02, 3.34169495e+02,
       2.28221542e+02, 3.52986267e+02, 2.51725952e+02, 3.71879303e+02,
       2.75303650e+02, 3.91241852e+02, 2.99375397e+02, 4.10689392e+02,
       3.23539642e+02, 4.30122803e+02, 3.47649292e+02, 2.55489838e+02,
       1.77009949e+02, 2.73960785e+02, 2.00229034e+02, 2.92211639e+02,
       2.23452225e+02, 3.10751373e+02, 2.46688614e+02, 3.29431000e+02,
       2.70406067e+02, 3.48419830e+02, 2.94236786e+02, 3.67500061e+02,
       3.18441345e+02, 3.86930206e+02, 3.42770813e+02, 4.06201263e+02,
       3.67030396e+02, 2.32010468e+02, 1.95154556e+02, 2.50444794e+02,
       2.18607788e+02, 2.68758636e+02, 2.41888367e+02, 2.87182159e+02,
       2.65384338e+02, 3.05998535e+02, 2.89186737e+02, 3.24618530e+02,
       3.13246063e+02, 3.43795013e+02, 3.37435272e+02, 3.63084381e+02,
       3.61949127e+02, 3.82409576e+02, 3.86457642e+02, 2.08339066e+02,
       2.13612350e+02, 2.26694336e+02, 2.37186340e+02, 2.44976089e+02,
       2.60617828e+02, 2.63500214e+02, 2.84365356e+02, 2.82126251e+02,
       3.08195587e+02, 3.00836273e+02, 3.32226868e+02, 3.19679474e+02,
       3.56734772e+02, 3.39032257e+02, 3.81394104e+02, 3.58317291e+02,
       4.06069275e+02, 1.84654800e+02, 2.31884750e+02, 2.02807205e+02,
       2.55604919e+02, 2.21205292e+02, 2.79213959e+02, 2.39584244e+02,
       3.03187378e+02, 2.58371735e+02, 3.27217712e+02, 2.77018555e+02,
       3.51407410e+02, 2.95983765e+02, 3.75838959e+02, 3.14991272e+02,
       4.00772461e+02, 3.34296600e+02, 4.25547852e+02, 1.60684647e+02,
       2.50566132e+02, 1.78862167e+02, 2.74284180e+02, 1.97213821e+02,
       2.98066223e+02, 2.15722153e+02, 3.22121948e+02, 2.34284042e+02,
       3.46352112e+02, 2.53022308e+02, 3.70620605e+02, 2.71784332e+02,
       3.95460266e+02, 2.90970886e+02, 4.20138550e+02, 3.10032135e+02,
       4.45212006e+02, 2.87448425e+02, 1.62237305e+02, 3.05836792e+02,
       1.84727066e+02, 3.24414032e+02, 2.07492920e+02, 3.43152252e+02,
       2.30499268e+02, 3.62259949e+02, 2.53649292e+02, 3.81438293e+02,
       2.77145172e+02, 4.01023651e+02, 3.01000397e+02, 4.20788757e+02,
       3.25163452e+02, 4.40509735e+02, 3.49311676e+02, 2.64345520e+02,
       1.80389999e+02, 2.82902069e+02, 2.03271606e+02, 3.01250610e+02,
       2.26246567e+02, 3.20087128e+02, 2.49330109e+02, 3.38905701e+02,
       2.72653351e+02, 3.58076874e+02, 2.96364746e+02, 3.77490295e+02,
       3.20344879e+02, 3.97174347e+02, 3.44586395e+02, 4.16799927e+02,
       3.68880127e+02, 2.41144913e+02, 1.98706192e+02, 2.59551270e+02,
       2.21816315e+02, 2.78067566e+02, 2.44830933e+02, 2.96587799e+02,
       2.68154266e+02, 3.15580322e+02, 2.91672760e+02, 3.34482941e+02,
       3.15512665e+02, 3.53841156e+02, 3.39667480e+02, 3.73399750e+02,
       3.64117767e+02, 3.93077362e+02, 3.88584534e+02, 2.17696564e+02,
       2.17270111e+02, 2.36130219e+02, 2.40441605e+02, 2.54477234e+02,
       2.63676147e+02, 2.73152496e+02, 2.87104828e+02, 2.91894775e+02,
       3.10877045e+02, 3.10828186e+02, 3.34829742e+02, 3.30054932e+02,
       3.59209045e+02, 3.49525421e+02, 3.83803497e+02, 3.69074615e+02,
       4.08465759e+02, 1.94313156e+02, 2.35736786e+02, 2.12529770e+02,
       2.59118866e+02, 2.30912506e+02, 2.82596954e+02, 2.49478561e+02,
       3.06277649e+02, 2.68307068e+02, 3.30161133e+02, 2.87207397e+02,
       3.54335907e+02, 3.06457947e+02, 3.78696747e+02, 3.25665558e+02,
       4.03526184e+02, 3.45220093e+02, 4.28395752e+02, 1.70538879e+02,
       2.54511459e+02, 1.88716278e+02, 2.77867126e+02, 2.07118286e+02,
       3.01515320e+02, 2.25722763e+02, 3.25397461e+02, 2.44397171e+02,
       3.49578918e+02, 2.63320465e+02, 3.73722961e+02, 2.82351685e+02,
       3.98510742e+02, 3.01717560e+02, 4.23300140e+02, 3.21032654e+02,
       4.48257690e+02, 1.02198456e+02, 1.74381287e+02, 1.34848450e+02,
       1.53931168e+02, 1.66671036e+02, 1.34794632e+02, 1.97339249e+02,
       1.16329430e+02, 2.27110245e+02, 9.78920670e+01, 2.55788574e+02,
       8.01660080e+01, 2.83800629e+02, 6.25066948e+01, 3.11093048e+02,
       4.61564064e+01, 3.37071686e+02, 3.08870525e+01, 1.23190102e+02,
       2.01775894e+02, 1.56190628e+02, 1.81202682e+02, 1.87949936e+02,
       1.61407227e+02, 2.18798859e+02, 1.42084000e+02, 2.48512100e+02,
       1.23305290e+02, 2.77308685e+02, 1.05105667e+02, 3.05448242e+02,
       8.72194519e+01, 3.32685089e+02, 7.00395584e+01, 3.58664795e+02,
       5.42675629e+01, 1.44629852e+02, 2.30162704e+02, 1.78079742e+02,
       2.09157074e+02, 2.09867264e+02, 1.88633209e+02, 2.40649033e+02,
       1.68471817e+02, 2.70566650e+02, 1.49266327e+02, 2.99402344e+02,
       1.30254501e+02, 3.27415771e+02, 1.11860268e+02, 3.54656281e+02,
       9.41202393e+01, 3.80916870e+02, 7.73535461e+01, 1.67129745e+02,
       2.59612885e+02, 2.00476288e+02, 2.37634842e+02, 2.32423813e+02,
       2.16497528e+02, 2.63311737e+02, 1.95920288e+02, 2.93145447e+02,
       1.75999374e+02, 3.21988190e+02, 1.56585312e+02, 3.50162964e+02,
       1.37486710e+02, 3.77430389e+02, 1.19092789e+02, 4.03655579e+02,
       1.01414291e+02, 1.89980804e+02, 2.89907928e+02, 2.23466904e+02,
       2.66421783e+02, 2.55442596e+02, 2.44744873e+02, 2.86550232e+02,
